Glass 250 epoch:


0 hidden layers, 0.15 step, 0.1 momentum
[0.7102605  0.85149798 0.82165414 0.78403361 0.77748918 0.79
 0.53452381 0.57539683 0.76959064 0.64166667]

 mean: 0.7256

1 hidden layer 7 nodes, 0.01 step, 0.1 momentum
[0.76952381 0.87016807 0.75196078 0.78455882 0.89285714 0.84080393
 0.89803922 0.84761905 0.7600713  0.78063725]

  mean: 0.819623937

2 hidden layer 7,7, 0.1 step, 0.1 momentum
[0.6702381  0.77777778 0.80075188 0.79454791 0.84072398 0.80642857
 0.71190476 0.70078431 0.76190476 0.8       ]

  mean: 0.766506205

Breast Cancer Wisconsin 250 epoch:


0 hidden layers, 0.01 step, 0.1 momentum
[0.96640316, 0.95294118, 0.96714976, 0.98404879, 0.93611111, 0.95294118,
 1.,         0.96780303, 0.95160159, 0.93674419]

 mean: 0.9616

1 hidden layer 7 nodes, 0.05 step, 0.1 momentum
[0.96714976, 0.98404879, 0.95294118, 0.95214638, 0.88707038, 0.93772894,
 1.,         0.96780303, 0.96863636, 0.95018315]

 mean: 0.9568

2 hidden layer 6,6, 0.05 step, 0.1 momentum
[0.98374372, 0.96714976, 0.95123117, 0.87857143, 0.95334686, 0.95214638,
 0.96805556, 0.98404879, 0.93478261, 0.96837209]

mean: 0.9541

Soybean Small:


0 hidden layers, .01 step, 0.1 momentum
[0.88888889, 1, 1, 1, 1, 1, 1, 1, 1, 1]

mean: 0.8888

1 hidden layer 4 nodes, .01 step, 0.1 momentum
[1, 1, 1, 1, 1, 1, 1, 1, 1, 1]

mean: 1.0

2 hidden layer 4,4 nodes, .01 step, 0.1 momentum
[1, 1, 1, 1, .933333333, 1, 1, 1, 1, 1]

mean: 0.9933

Machine 500 epoch:


0 hidden layers, 0.0001 step, 0.5 momentum
[ 2190.3805,      3615.63761905,  1996.1552381,   2735.13809524,
  2317.07238095,  2472.4447619,   2656.05571429, 10830.91380952,
 17324.20952381, 21855.79190476]

 mean: 6799.38

1 hidden layer 6 nodes, 0.0001 step, 0.5 momentum
[ 2599.156,       2707.73,        2607.27904762,  1527.49
  2423.38238095,  1228.33333333,  2696.02428571,  2072.3147619,
 11534.60952381,  9376.41666667]

 mean: 3877.27

2 hidden layer 6,6, 0.00005 step, 0.5 momentum
[ 4582.4165 ,     5445.82904762,  3489.8547619,   4138.90904762,
  2823.6152381,   4190.79857143,  2093.8147619,  23568.63047619,
 25351.91619048, 18302.83666667]

 mean: 9398.86

Abalone 100 epoch:


0 hidden layers, 0.001 step (could possible be more), 0.5 momentum
[4.95093525, 4.32299043, 4.615311,   4.53342105, 5.30267943, 5.09078947,
 5.39078947, 5.55124402, 4.76731415, 4.4863789 ]

 mean: 4.90

1 hidden layer 8 nodes, 0.001 step, 0.5 momentum
[4.84081535, 3.71631579, 4.23055024, 4.04626794, 4.73866029, 4.24210526,
 4.85026316, 4.90602871, 3.99944844, 4.11055156]

 mean: 4.37

2 hidden layer 8,5, 0.0005 step, 0.5 momentum
[5.02491607, 3.89354067, 4.47354067, 3.82411483, 4.96722488, 4.17815789,
 4.98014354, 4.8392823,  4.03338129, 4.17940048]

 mean: 4.44

Forest Fires:


0 hidden layers, 0.00005 step, 0.5 momentum
[  733.71487843,   851.38262308,   931.52975,      993.50528654,
  1234.84000192,  1887.62916731, 10748.49736538, 22457.90299038,
   431.22854118,   592.60631961]

mean: 4086.28

1 hidden layer 22 nodes, 0.0005 step, 0.5 momentum
[  777.6502902,    774.36923846,   938.64705769,   987.80874808,
  1299.40680962,  1855.87520577, 12095.73021154, 22750.67645192,
   408.00379608,   566.55965294]

mean: 4245.47

2 hidden layer 15,9, 0.00005 step, 0.5 momentum
[  905.76115294,  1024.86808462,   858.40155769,   968.31209423,
  1174.37107885,  1859.76712885, 11481.41986538, 22382.04702885,
   473.90728627,   502.06875098]

mean: 4163.09