BREAST CANCER===============================|

GENETIC ALGORITHM========|

tuned on mutationProb = [.005, .01, .05, .1, .2] and SD = [.001, .005, .01, .02, .05]

0 LAYER
mutationProb: 0.1 	 SD: 0.001
Fitness: 0.9743153747912168

[0.96780303, 0.98404879, 0.98374372, 0.96837209, 0.96863636,
 0.96837209, 0.95053763, 0.93560606, 0.92224476, 0.98404879]
Mean 0.9633413343434223

1 LAYERS
mutationProb: 0.01 	 SD: 0.005
Fitness: 0.9749687512361811

[0.98374372, 1.        , 1.        , 0.95294118, 1.        ,
 0.96780303, 0.96805556, 0.95214638, 0.95334686, 0.98404879]
Mean 0.9762085510634778


2 LAYERS
mutationProb: 0.1 	 SD: 0.001
Fitness: 0.9748709294310223

[0.98374372, 1.        , 1.        , 0.96837209, 1.        ,
 0.95123117, 0.95053763, 0.93560606, 0.95334686, 0.98404879]
Mean 0.9726886334350535

DIFF EVO=================|

Tuned on XoPs = [.1, .2, .3, .4, .5] and SFs = [.01, .02, .05, .1, .2]

0 LAYER
XoP: 0.05 	 SF: 0.01
Fitness: 0.9805574954950294

[0.96714976, 0.96780303, 0.96837209, 0.95294118, 0.96805556,
 0.98404879, 0.95334686, 0.96837209, 1.        , 0.96837209]
Mean 0.9698461447767386

1 LAYERS
XoP: 0.1 	 SF: 0.01
Fitness: 0.9788111261685464

[1.        , 0.98404879, 0.96837209, 0.93772894, 0.96805556,
 0.98404879, 0.96863636, 0.96837209, 1.        , 0.98404879]
Mean 0.9763311418759064

2 LAYERS
XoP: 0.2 	 SF: 0.01
Fitness: 0.9788111261685464

[1.        , 0.98404879, 0.96837209, 0.93772894, 0.96805556,
 0.96780303, 0.96863636, 0.95214638, 1.        , 0.96837209]
Mean 0.9715163240992659

PSO======================|

0 LAYER

[0.98374372, 0.95294118, 0.95214638, 1.        , 0.95334686,
 0.98404879, 0.98417794, 0.98404879, 0.9838672 , 0.98404879]
Mean 0.9762369646109734

1 LAYERS

[0.98374372, 0.93772894, 0.96780303, 1.        , 0.95334686,
 0.98404879, 0.96863636, 0.98404879, 1.        , 0.98404879]
Mean 0.976340528804337

2 LAYERS

[0.96714976, 0.95294118, 0.96780303, 1.        , 0.95334686,
 0.98404879, 0.98417794, 0.98404879, 1.        , 0.98404879]
Mean 0.9777565137842451

GLASS=======================================|

GENETIC ALGORITHM========|

tuned on mutationProb = [.005, .01, .05, .1, .2] and SD = [.001, .005, .01, .02, .05]

0 LAYER
mutationProb: 0.2 	 SD: 0.02
Fitness: 0.8299174344897235

[0.77076023, 0.73575758, 0.80069444, 0.85098039, 0.62078431,
 0.81833333, 0.70238095, 0.65486542, 0.68380952, 0.69444444]
Mean 0.7332810638401398

1 LAYERS
mutationProb: 0.05 	 SD: 0.02
Fitness: 0.8015352339882812

[0.87619048, 0.92698413, 0.74095238, 0.87619048, 0.625     ,
 0.73261905, 0.72950089, 0.68095238, 0.73809524, 0.87647059]
Mean 0.7802955606485018

2 LAYERS
mutationProb: 0.01 	 SD: 0.001
Fitness: 0.7652800583835067

[0.68      , 0.76388889, 0.62962963, 0.7962963 , 0.60724638,
 0.68269231, 0.69318182, 0.73888889, 0.80434783, 0.7962963 ]
Mean 0.7192468328772677

DIFF EVO=================|

Tuned on XoPs = [.1, .2, .3, .4, .5] and SFs = [.01, .02, .05, .1, .2]

0 LAYER
XoP: 0.2 	 SF: 0.02
Fitness: 0.8381667120124143

[0.76388889, 0.85      , 0.89803922, 0.75576441, 0.81641026,
 0.64820513, 0.83035714, 0.76680162, 0.875     , 0.68232119]
Mean 0.7886787850092803

1 LAYERS
XoP: 0.01 	 SF: 0.02
Fitness: 0.8546587072075793

[0.86607143, 0.81704261, 0.925     , 0.78946078, 0.78631579,
 0.75897436, 0.9010101 , 0.82431373, 0.95961538, 0.6875    ]
Mean 0.8315304178965169

2 LAYERS
XoP: 0.005 	 SF: 0.005
Fitness: 0.9099413901201068

[0.90285714, 0.8745098 , 0.875     , 0.86946779, 0.75037594,
 0.81736695, 0.93142857, 0.80597648, 0.93137255, 0.76950067]
Mean 0.8527855895394596

PSO======================|

0 LAYER
[0.93142857, 0.82706767, 0.86278195, 0.74431373, 0.86425339,
 0.89803922, 0.74095238, 0.82431373, 0.93142857, 0.76932773]
Mean 0.8393906939293935

1 LAYERS
[0.93137255, 0.68627451, 0.90121457, 0.84089636, 0.88888889,
 0.87053571, 0.76784314, 0.87044534, 0.86607143, 0.8125    ]
Mean 0.843604250539622

2 LAYERS
[0.98666667, 0.86147186, 0.89333333, 0.94920635, 0.9010101 ,
 0.95137255, 0.85285714, 0.92226721, 0.92884615, 0.83181818]
Mean 0.907884954570713

SOYBEAN=====================================|

tuned on mutationProb = [.005, .01, .05, .1, .2] and SD = [.001, .005, .01, .02, .05]

0 LAYER
mutationProb: 0.005 	 SD: 0.001
Fitness: 1.0

[1., 1., 1., 1., 1., 1., 1., 1., 1., 1.]
Mean 1

1 LAYERS
mutationProb: 0.005 	 SD: 0.001
Fitness: 1.0

[1., 1., 1., 1., 1., 1., 1., 1., 1., 1.]
Mean 1

2 LAYERS
mutationProb: 0.005 	 SD: 0.001
Fitness: 1.0

[1., 1., 1., 1., 1., 1., 1., 1., 1., 1.]
Mean 1

DIFF EVO=================|

Tuned on XoPs = [.1, .2, .3, .4, .5] and SFs = [.01, .02, .05, .1, .2]

0 LAYER
XoP: 0.005 	 SF: 0.001
Fitness: 1.0

[1.        , 1.        , 1.        , 1.        , 1.        ,
 1.        , 0.88888889, 1.        , 1.        , 1.       ]
Mean 0.9888888888888889

1 LAYERS
XoP: 0.005 	 SF: 0.001
Fitness: 1.0

[1., 1., 1., 1., 1., 1., 1., 1., 1., 1.]
Mean 1

2 LAYERS
XoP: 0.005 	 SF: 0.001
Fitness: 1.0

[1., 1., 1., 1., 1., 1., 1., 1., 1., 1.]
Mean 1

PSO======================|

0 LAYER
[0.88888889, 1.        , 1.        , 1.        , 1.        ,
 1.        , 1.        , 1.        , 1.        , 1.        ]
Mean 0.9888888888888889

1 LAYERS
[1., 1., 1., 1., 1., 1., 1., 1., 1., 1.]
Mean 1

2 LAYERS
[1., 1., 1., 1., 1., 1., 1., 1., 1., 1.]
Mean 1

MACHINE=====================================|

GENETIC ALGORITHM========|

tuned on mutationProb = [.005, .01, .05, .1, .2] and SD = [.001, .005, .01, .02, .05]

0 LAYER
mutationProb: 0.005 	 SD: 0.005
Fitness: 6122.184741967469

[ 1987.95365506,  3530.16406363,  2123.38779858,  2755.66610536, 2282.92754515,
2374.91145871,  2456.36889731, 10748.07065638, 13427.87029668, 19368.80729309]
Mean 6105.612776994757

1 LAYERS
mutationProb: 0.1 	 SD: 0.01
Fitness: 3427.841003111165

[ 4040.47392343,  6861.78676332, 20833.81904469,  5243.40359139, 2831.07157728,
1233.39944333,  9518.667588  , 12403.18359704, 16727.73275489,  8422.01914512]
Mean 8811.555742849367


2 LAYERS
mutationProb: 0.01 	 SD: 0.001
Fitness: 7890.641634352563

[ 9796.60224174, 16681.21141629,  5692.42256688,  6988.01657058, 12821.91060233,
9230.51835843,  8812.49514184, 43483.26400844, 14557.5558809 , 15914.11419549]
Mean 14397.811098292319

DIFF EVO=================|

Tuned on XoPs = [.1, .2, .3, .4, .5] and SFs = [.01, .02, .05, .1, .2]

0 LAYER
XoP: 0.3 	 SF: 0.2
Fitness: 5735.270251050603

[ 2242.08214289,  3587.79273837,  1890.71236721,  2753.11593408, 2274.33834688,
2464.71754125,  2297.83829714,  7961.00926904, 12714.78508911, 17377.03144456]
Mean 5556.342317053333

1 LAYERS
XoP: 0.2 	 SF: 0.2
Fitness: 1754.5422328674395

[2138.95895792, 1185.65865982, 1048.84013363, 2040.29910581, 1777.96131577,
 1177.96579549, 2151.83408017, 1494.04001779, 4967.13181171, 5424.43214309]
Mean 2340.7122021190708

2 LAYERS
XoP: 0.4 	 SF: 0.2
Fitness: 3010.1804835320354

[ 3119.99347902,  1417.49373622,  2224.84918099,  6661.99154643, 3807.96333437,
1696.38042595,  3918.73126867,  5605.03737156, 8932.42475201, 12291.86650787]
Mean 4967.673160308803

PSO======================|

0 LAYER
[ 2997.12510718,  3891.02328431,  1288.35451206,  3190.97119835, 2401.92781007,
 3545.73149721,  1589.28461908,  5503.99465389, 5550.18324254, 12904.87260618]
 Mean 4286.346853087169

1 LAYERS
[1539.83522034,  780.84347133,  833.39062115,  973.84306722, 1855.13623979,
719.71647266, 2505.45179159, 1260.01923578, 4077.96866151, 5240.24453229]
Mean 1978.6449313652327

2 LAYERS
[ 3435.51977471,  1629.28679606,  1902.95944758,  1900.58726711, 2527.64738725,
2649.19011566,  1302.76101495,  5108.00843881, 14166.80125456, 14320.6219171 ]
Mean 4894.338341377657


ABALONE=====================================|

GENETIC ALGORITHM========|

tuned on mutationProb = [.005, .01, .05, .1, .2] and SD = [.001, .005, .01, .02, .05]

0 LAYER
mutationProb: 0.1 	 SD: 0.005
Fitness: 4.999109114004968

[5.18722647, 4.38112067, 4.75759878, 4.62860002, 5.37193935,
 5.18855245, 5.47738558, 5.79689984, 4.93739716, 4.7022797 ]
Mean 5.0429000012243845


1 LAYERS
mutationProb: 0.01 	 SD: 0.02
Fitness: 4.482293309569494

[5.67392467, 5.13789635, 5.65917589, 5.59671194, 5.35815577,
6.51458792, 5.62043598, 6.82098711, 5.04031058, 5.17539766]
Mean 5.6597583890017065

2 LAYERS
mutationProb: 0.01 	 SD: 0.001
Fitness: 4.291427612363096

[4.95693336, 4.59640338, 4.27425285, 4.2596388 , 4.94839859,
 4.64483238, 5.95364697, 6.05515981, 6.25557595, 4.50742449]
Mean 5.045226658700473

DIFF EVO=================|

Tuned on XoPs = [.1, .2, .3, .4, .5] and SFs = [.01, .02, .05, .1, .2]

0 LAYER
XoP: 0.4 	 SF: 0.2
Fitness: 4.980785940228012

[5.04850055, 4.3018956 , 4.76870155, 4.64189266, 5.39410685,
 5.02396157, 5.47123909, 5.74144684, 4.93757655, 4.66740994]
Mean 4.999673120430065

1 LAYERS
XoP: 0.3 	 SF: 0.05
Fitness: 4.270037548014349

[4.55456291, 3.67942531, 4.27201959, 4.1311422 , 4.60831865,
 4.18769625, 4.79364051, 4.98140187, 4.09457353, 4.05273765]
 Mean 4.335551847490517

2 LAYERS
XoP: 0.2 	 SF: 0.01
Fitness: 4.168810415132972

[4.62351121, 3.75218267, 4.06906138, 3.85067018, 4.48853584,
3.85387453, 4.82608806, 4.90978784, 4.04261335, 4.05154961]
Mean 4.246787466284973


PSO======================|

0 LAYER
[5.04382454, 4.31920726, 4.73513382, 4.62814885, 5.3753667 ,
5.01952055, 5.47217553, 5.71383984, 4.92726262, 4.65939456]
Mean 4.989387426712626

1 LAYERS
[4.53996473, 3.72379347, 4.26365279, 3.93051638, 4.63032352,
4.2120835 , 4.70205463, 4.94880316, 4.08032056, 4.04085453]
Mean 4.307236727220003

2 LAYERS
[4.60943448, 3.75791262, 4.06059802, 3.83160901, 4.47958796,
3.87617298, 4.76134964, 4.86499536, 4.01666034, 4.02475777]
Mean 4.228307817972763


FOREST FIRES================================|

GENETIC ALGORITHM========|

tuned on mutationProb = [.005, .01, .05, .1, .2] and SD = [.001, .005, .01, .02, .05]

0 LAYER
mutationProb: 0.05 	 SD: 0.005
Fitness: 4272.021450144637

[  784.2660002 ,   843.61625764,   889.12561144,  1029.04195157, 1069.52586278,
1644.10404698, 10502.5721724 , 21671.63121433, 480.79097264,   587.05899184]
Mean 3950.173308181254

1 LAYERS
mutationProb: 0.05 	 SD: 0.05
Fitness: 4786.328089491139

[ 2204.15803313, 20467.04479521,  3152.54494762,  2751.4213883 , 3299.7369023 ,
2079.32397169, 13661.02261449, 24377.52627712, 3237.72756978,  1691.48327214]
Mean 7692.19897717691


2 LAYERS
mutationProb: 0.2 	 SD: 0.005
Fitness: 4504.958697558414

[ 1673.62886908,  1960.89858971,  1228.94744924,  1716.46245375, 2001.05270252,
2287.85749409,  9907.88929715, 21983.14167673,2956.23269112,  1113.38780721]
Mean 4682.949903061002

DIFF EVO=================|

Tuned on XoPs = [.1, .2, .3, .4, .5] and SFs = [.01, .02, .05, .1, .2]

0 LAYER
XoP: 0.3 	 SF: 0.2
Fitness: 4260.782715268599

[744.35796854,   846.87956712,   914.87022681,   999.66293717, 1238.26869663,
1897.98348326, 10684.81968232, 22396.67077061, 435.20018637,   601.11616567]
Mean 4075.982968449799

1 LAYERS
XoP: 0.1 	 SF: 0.02
Fitness: 4026.2239136705116

[ 732.50462558,  1210.99023534,   951.98593566,   788.03396814, 1346.82929526,
  2035.70065246, 10836.34852159, 23027.06596068, 483.03192639,   596.59966466]
  Mean 4200.909078575999

2 LAYERS
XoP: 0.2 	 SF: 0.2
Fitness: 3815.8656550366904

[ 1062.3655156 ,  1023.72514649,   877.71144142,  1073.48983662, 1298.8035495 ,
  1429.34093518, 10481.1184486 , 22410.31969552, 490.43910309,   721.81237708]
Mean 4086.912604910137

PSO======================|

0 LAYER
[  800.49364557,   798.1318768 ,   890.27088848,  1023.63027664, 1202.80088362,
1736.41656151, 10035.2161843 , 21448.48099469, 423.23035974,   626.11127724]
Mean 3898.47829485861

1 LAYERS
[  411.16051019,   777.97532156,   891.3094429 ,   330.45807185, 429.95822662,
894.0143938 , 10441.99524428, 21532.19946583, 419.80124594,   423.34207934]
Mean 3655.2214002320725

2 LAYERS
[  867.14575597,   725.75539261,   950.35047078,   986.25209055, 1213.02396364,
1716.37457168,  9274.05619792, 19727.9420417 , 499.22898417,   352.89113092]
Mean 3631.3020599940705
